  2092 16 
  3096 5 
  8023 4 
  8049 19 
  8143 29 
 12003 9 
 12074 5 
 12084 4 
 14037 6 
 15004 28 
 15088 2 
 16052 2 
 16077 38 
 19021 19 
 20008 34 
 21077 10 
 22013 9 
 22090 32 
 22093 7 
 23025 13 
 23080 24 
 23084 6 
 24004 9 
 24063 30 
 24077 32 
 25098 17 
 26031 1 
 27059 23 
 28075 5 
 28096 1 
 33039 4 
 33066 21 
 35008 17 
 35010 23 
 35058 8 
 35070 2 
 35091 5 
 37073 37 
 38082 12 
 38092 19 
 41004 5 
 41025 11 
 41033 11 
 41069 15 
 42012 36 
 42044 17 
 42049 12 
 42078 8 
 43070 1 
 43074 7 
 43083 4 
 45077 3 
 45096 15 
 46076 40 
 48055 6 
 54005 1 
 54082 27 
 55067 7 
 55073 14 
 55075 19 
 56028 19 
 58060 7 
 59078 22 
 60079 3 
 61060 9 
 61086 8 
 62096 8 
 65010 10 
 65019 40 
 65033 18 
 65074 29 
 65132 7 
 66039 8 
 66053 6 
 66075 2 
 67079 23 
 68077 10 
 69015 14 
 69020 18 
 69040 1 
 71046 29 
 76002 11 
 76053 9 
 78004 16 
 78019 22 
 80099 2 
 85048 27 
 86000 23 
 86016 34 
 86068 1 
 87046 15 
 87065 3 
 89072 27 
 90076 27 
 92059 36 
 94079 1 
 95006 8 
 97017 17 
 97033 5 
100075 14 
100080 20 
100098 11 
101085 25 
101087 38 
102061 6 
103041 7 
103070 11 
104022 16 
105019 7 
105025 7 
105053 9 
106020 14 
106024 8 
106025 13 
108005 7 
108041 11 
108070 5 
108073 5 
108082 10 
109034 8 
109053 9 
112082 13 
113009 22 
113016 10 
113044 17 
117054 12 
118020 18 
118035 13 
119082 27 
122048 7 
123074 7 
124084 7 
126007 18 
126039 31 
130026 4 
130034 1 
134008 3 
134035 8 
134052 5 
135037 9 
135069 3 
138032 9 
138078 10 
140055 21 
140075 9 
143090 7 
144067 12 
145014 24 
145053 19 
145086 12 
147021 6 
147062 6 
147091 6 
148026 9 
148089 28 
151087 12 
153077 32 
153093 31 
155060 13 
156065 6 
156079 15 
157036 3 
157055 22 
159008 9 
159029 19 
159045 29 
159091 2 
160068 29 
161062 12 
163014 17 
163062 25 
163085 9 
164074 4 
166081 9 
167062 4 
167083 12 
169012 20 
170054 22 
170057 38 
172032 28 
173036 6 
175032 8 
175043 1 
176019 13 
176035 40 
176039 6 
178054 6 
181018 9 
181079 8 
181091 11 
182053 23 
183055 5 
183087 7 
187003 17 
187029 11 
187039 8 
187071 11 
187083 4 
188005 28 
188063 5 
188091 12 
189003 6 
189011 21 
189080 10 
196015 10 
196073 6 
197017 4 
198004 22 
198023 17 
198054 15 
202012 17 
207056 3 
208001 20 
209070 36 
210088 1 
216041 20 
216053 13 
216066 2 
216081 39 
219090 14 
220075 19 
223061 11 
225017 7 
227040 23 
227046 3 
227092 8 
229036 6 
231015 17 
232038 29 
236017 24 
236037 11 
238011 7 
239007 33 
239096 24 
241004 31 
241048 25 
242078 23 
245051 29 
246016 31 
246053 6 
247085 7 
249061 8 
249087 20 
253027 4 
253036 10 
253055 2 
254033 13 
254054 3 
260058 9 
260081 15 
268002 5 
271008 14 
271031 5 
271035 18 
274007 6 
277095 35 
285036 33 
285079 22 
286092 40 
291000 7 
292066 7 
293029 13 
295087 7 
296007 9 
296059 30 
299086 7 
299091 3 
300091 5 
301007 30 
302003 37 
302008 39 
304034 1 
304074 8 
306005 15 
309004 17 
310007 8 
311068 1 
311081 5 
314016 1 
317080 5 
323016 39 
326038 7 
351093 19 
353013 4 
361010 16 
361084 15 
365025 6 
365073 17 
368016 2 
368078 20 
370036 37 
372047 37 
374020 40 
374067 7 
376001 33 
376020 13 
376043 3 
385028 18 
385039 31 
388016 14 
